Intercept: 11322.618927
x1: 3139.303665
x2: 4701.506468
x3: -361.402754
x4: 3840.999524
x5: 1155.452605
x6: 1234.207305
x7: -470.853628
x8: 0.005306
x9: 2869.409759
x10: -1104.174439
x11: 1522.204107
x12: -726.016453
x13: -257.067138
x14: 1579.321431
x15: 286.613567
x16: 548.377794
x17: 996.717578
x18: -1019.811506
x19: 937.396625
x20: 271.520313
x21: 1105.235530
x22: -594.974495
x23: 730.845727
x24: 3970.163375
x25: 839.817264
x26: 1177.850050
x27: 93.525460
x28: 959.759587
x29: 499.124562
x30: 2718.483803
x31: 222.677621
x32: 966.583579
x33: 2574.582413
x34: 4335.788177
x35: -533.084687
x36: 999.093247
x37: -40.492390
x38: 453.016914
x39: -667.779571
x40: 3071.930510
x41: 730.846014
x42: 6234.543346
x43: 1069.193185
x44: 788.206719
x45: 10314.163879
x46: 214.864356
x47: -653.771798
x48: 780.817984
x49: -69.804174
x50: 1096.786212
x51: -327.753214
x52: 169.041087
x53: -733.514669
x54: -1563.930047
x55: 90.654025
x56: 129.014768
x57: 391.515399
x58: -537.049037
x59: 11.339206
x60: -117.576219
x61: -172.311096
x62: 172.827782
x63: -149.969770
x64: 114.523246
x65: -148.403534
x66: 174.060896
x67: -1179.230685
x68: -352.915045
x69: -1333.286963
x70: 0.009597
x71: 140.010933
x72: 0.004994
x73: 255.102320
x74: 90.206839
x75: -1825.693213
x76: -761.678042
x77: 398.468703
x78: 250.052840
x79: 1720.928828
x80: 55.147493
x81: 214.855916
x82: -98.222122
x83: -698.080085
x84: -563.385718
x85: -305.901060
x86: -562.725843
x87: -372.693263
x88: -209.244082
x89: 133.162841
x90: 907.367741
x91: -114.384861
x92: 0.004057
x93: 688.772469
x94: 700.676055
x95: -970.413993
x96: 165.256840
x97: 111.919509
x98: -248.662689
x99: -32.501086
x100: 384.179849
x101: -98.924333
x102: 404.151747
x103: 440.669480
x104: -52.652588
x105: 67.660979
x106: -405.649346
x107: -953.219768
x108: -99.521532
x109: -679.022070
x110: 290.716635
x111: 295.803933
x112: -173.303348
x113: -1438.234551
x114: 1773.226024
x115: 649.116687
x116: 393.829166
x117: -113.948020
x118: -71.367460
x119: -166.154370
x120: 1565.276902
x121: 2444.799398
x122: 0.006475
x123: 1966.066969
x124: -763.288220
x125: -337.648291
x126: -716.936338
x127: -128.087363
x128: -410.980696
x129: -339.385719
x130: -486.793134
x131: -1318.860280
x132: 516.044989
x133: 1889.611677
x134: -309.247459
x135: -740.409474
x136: 231.343039
x137: 2171.788765
x138: -672.454715
x139: 902.943863
x140: -44.572054
x141: 112.156003
x142: 1207.822860
x143: 859.498399
x144: -337.953286
x145: 3302.228655
x146: 2449.887149
x147: 884.653164
x148: -436.568415
x149: 811.303135
x150: 1738.689107
